printf "\e[49m                                                \e[m
\e[49m                                                \e[m
\e[49m                                                \e[m
\e[49m                                                \e[m
\e[49m                                                \e[m
\e[49m  \e[38;2;255;252;252;49m▄\e[49m                                             \e[m
\e[49m  \e[38;2;255;147;147;48;2;255;123;123m▄\e[38;2;255;38;38;49m▄\e[49m   \e[38;2;255;255;255;49m▄▄\e[49m                                       \e[m
\e[49m  \e[38;2;255;17;17;48;2;255;100;100m▄\e[38;2;255;2;2;48;2;255;17;17m▄\e[38;2;255;99;99;48;2;255;35;35m▄\e[38;2;255;252;252;49m▄\e[49m \e[38;2;255;7;7;48;2;255;252;252m▄\e[38;2;255;188;188;48;2;255;54;54m▄\e[38;2;255;2;2;48;2;255;17;17m▄\e[38;2;255;8;8;49m▄\e[38;2;255;77;77;49m▄\e[38;2;255;2;2;49m▄\e[49m                                   \e[m
\e[49m  \e[38;2;254;12;12;48;2;254;2;2m▄\e[38;2;254;82;82;48;2;254;92;92m▄\e[38;2;254;26;26;48;2;254;2;2m▄\e[48;2;254;2;2m \e[38;2;254;82;82;48;2;254;70;70m▄\e[48;2;254;2;2m \e[38;2;255;52;52;48;2;255;46;46m▄\e[38;2;254;2;2;48;2;254;32;32m▄\e[38;2;254;67;67;48;2;254;20;20m▄\e[38;2;252;2;2;48;2;254;34;34m▄\e[38;2;254;2;2;48;2;254;56;56m▄\e[38;2;254;2;2;48;2;254;12;12m▄\e[38;2;255;252;252;49m▄\e[49m \e[38;2;255;26;26;49m▄\e[38;2;254;2;2;48;2;255;255;255m▄\e[38;2;254;47;47;48;2;255;252;252m▄\e[49m                             \e[m
\e[49m  \e[38;2;253;2;2;48;2;254;2;2m▄▄\e[38;2;253;80;80;48;2;254;2;2m▄\e[38;2;253;2;2;48;2;254;2;2m▄\e[38;2;253;56;56;48;2;254;2;2m▄\e[38;2;253;32;32;48;2;254;2;2m▄\e[38;2;255;136;136;48;2;255;36;36m▄\e[38;2;253;2;2;48;2;254;2;2m▄\e[38;2;253;2;2;48;2;254;47;47m▄\e[38;2;253;2;2;48;2;254;0;2m▄\e[38;2;253;16;16;48;2;254;33;33m▄\e[38;2;253;2;2;48;2;254;2;0m▄\e[38;2;253;98;98;48;2;254;11;11m▄\e[38;2;252;8;8;48;2;254;2;2m▄\e[38;2;254;54;54;48;2;254;78;78m▄\e[38;2;253;82;82;48;2;254;58;58m▄\e[38;2;253;2;2;48;2;254;2;2m▄\e[38;2;253;24;24;48;2;255;252;252m▄\e[49m                            \e[m
\e[49m  \e[48;2;252;2;2m  \e[38;2;253;103;103;48;2;252;2;2m▄\e[38;2;252;5;5;48;2;252;2;2m▄\e[38;2;252;56;56;48;2;252;65;65m▄\e[48;2;252;2;2m \e[38;2;254;55;55;48;2;254;52;52m▄\e[38;2;252;2;3;48;2;252;8;8m▄\e[48;2;252;2;2m \e[38;2;252;2;2;48;2;252;12;12m▄\e[48;2;252;2;2m \e[38;2;253;87;87;48;2;252;2;2m▄\e[48;2;252;2;2m \e[38;2;253;126;126;48;2;252;2;2m▄\e[38;2;254;17;17;48;2;254;20;20m▄\e[38;2;252;2;2;48;2;252;8;8m▄\e[38;2;252;2;2;48;2;252;49;49m▄\e[38;2;253;87;87;48;2;252;2;2m▄\e[38;2;252;2;2;48;2;255;252;252m▄\e[38;2;255;253;253;49m▄\e[49m                          \e[m
\e[49m  \e[38;2;248;2;2;48;2;250;2;2m▄\e[38;2;248;2;2;48;2;250;9;9m▄\e[38;2;248;16;16;48;2;250;27;27m▄\e[38;2;249;31;31;48;2;250;15;13m▄\e[38;2;249;2;2;48;2;251;54;54m▄\e[38;2;249;2;2;48;2;250;2;2m▄\e[38;2;254;33;33;48;2;254;29;29m▄\e[38;2;249;2;3;48;2;250;2;2m▄\e[38;2;248;2;2;48;2;250;7;7m▄\e[38;2;249;2;2;48;2;250;37;37m▄\e[38;2;249;44;44;48;2;250;19;19m▄\e[38;2;248;2;2;48;2;250;33;33m▄\e[38;2;248;2;2;48;2;250;2;2m▄\e[38;2;248;2;2;48;2;252;89;89m▄\e[38;2;253;71;71;48;2;252;23;23m▄\e[38;2;249;30;30;48;2;250;2;2m▄\e[38;2;250;50;50;48;2;251;60;60m▄\e[38;2;248;2;2;48;2;250;2;2m▄\e[38;2;248;2;2;48;2;251;44;44m▄\e[38;2;248;6;6;48;2;250;3;3m▄\e[38;2;248;2;2;49m▄\e[49m \e[38;2;255;252;252;49m▄\e[49m                       \e[m
\e[49m  \e[38;2;243;3;3;48;2;253;87;87m▄\e[38;2;243;0;0;48;2;252;13;13m▄\e[38;2;245;30;30;48;2;253;75;75m▄\e[38;2;244;2;2;48;2;253;67;67m▄\e[38;2;243;0;0;48;2;253;71;71m▄\e[38;2;243;0;0;48;2;253;24;26m▄\e[38;2;253;21;21;48;2;254;74;74m▄\e[38;2;249;87;87;48;2;254;169;169m▄\e[38;2;243;0;0;48;2;253;26;26m▄\e[38;2;244;19;19;48;2;253;21;21m▄\e[38;2;246;51;51;48;2;253;64;64m▄\e[38;2;244;20;20;48;2;253;69;69m▄\e[38;2;248;82;82;48;2;253;26;26m▄\e[38;2;243;0;0;48;2;253;26;26m▄\e[38;2;252;32;32;48;2;254;70;70m▄\e[38;2;241;2;2;48;2;254;28;28m▄\e[38;2;243;2;2;48;2;253;101;101m▄\e[38;2;250;101;101;48;2;253;85;85m▄\e[38;2;243;1;0;48;2;254;167;167m▄\e[38;2;243;2;2;48;2;253;24;24m▄\e[38;2;243;0;0;48;2;253;26;26m▄\e[38;2;243;11;11;48;2;255;254;254m▄\e[38;2;244;17;17;48;2;253;22;22m▄\e[38;2;245;30;30;48;2;255;254;254m▄\e[49m \e[38;2;255;252;252;49m▄\e[38;2;243;2;2;49m▄\e[38;2;247;57;57;48;2;255;254;254m▄\e[38;2;243;0;0;48;2;255;254;254m▄\e[38;2;251;120;120;49m▄\e[49m                \e[m
\e[49m  \e[38;2;234;0;0;48;2;241;26;26m▄\e[38;2;235;7;7;48;2;239;6;6m▄\e[38;2;234;0;0;48;2;248;99;99m▄\e[38;2;239;42;42;48;2;239;2;2m▄\e[38;2;234;3;3;48;2;239;0;0m▄\e[38;2;244;78;78;48;2;240;10;10m▄\e[38;2;251;15;15;48;2;252;19;19m▄\e[38;2;235;7;7;48;2;239;6;6m▄\e[38;2;246;92;92;48;2;239;0;0m▄\e[38;2;244;79;79;48;2;239;0;0m▄\e[38;2;234;4;4;48;2;239;0;0m▄\e[38;2;234;0;0;48;2;246;73;73m▄\e[38;2;234;0;0;48;2;239;1;1m▄\e[38;2;234;0;0;48;2;239;0;0m▄\e[38;2;251;118;118;48;2;250;32;32m▄\e[38;2;234;2;2;48;2;239;0;0m▄\e[38;2;234;0;0;48;2;239;0;0m▄\e[38;2;234;2;0;48;2;239;0;0m▄\e[38;2;235;14;14;48;2;239;0;0m▄\e[38;2;234;7;7;48;2;239;7;7m▄\e[38;2;234;0;0;48;2;239;0;0m▄\e[38;2;234;4;4;48;2;239;0;0m▄\e[38;2;241;54;54;48;2;245;68;68m▄\e[38;2;238;35;35;48;2;246;73;73m▄\e[38;2;253;46;46;48;2;253;52;52m▄\e[38;2;234;7;7;48;2;240;14;14m▄\e[38;2;249;114;114;48;2;239;2;2m▄\e[38;2;239;42;42;48;2;239;0;0m▄\e[38;2;234;3;3;48;2;239;0;0m▄\e[38;2;239;7;7;48;2;241;2;2m▄\e[38;2;234;0;0;48;2;255;252;252m▄\e[49m  \e[38;2;255;252;252;49m▄▄\e[49m  \e[38;2;250;11;11;49m▄\e[38;2;255;252;252;49m▄\e[49m       \e[m
\e[49m  \e[38;2;223;0;0;48;2;231;11;11m▄\e[38;2;224;4;4;48;2;230;0;0m▄\e[38;2;223;0;0;48;2;230;0;0m▄\e[38;2;228;28;28;48;2;232;11;11m▄\e[38;2;224;0;0;48;2;232;13;13m▄\e[38;2;223;0;0;48;2;231;9;9m▄\e[38;2;250;60;60;48;2;253;118;118m▄\e[38;2;224;2;2;48;2;243;85;85m▄\e[38;2;235;61;61;48;2;241;74;74m▄\e[38;2;226;17;17;48;2;230;0;0m▄\e[38;2;228;25;25;48;2;230;0;0m▄\e[38;2;225;14;14;48;2;230;0;0m▄\e[38;2;237;66;66;48;2;230;0;0m▄\e[38;2;223;0;0;48;2;244;93;93m▄\e[38;2;247;59;59;48;2;249;39;37m▄\e[38;2;232;47;47;48;2;234;30;30m▄\e[38;2;241;88;88;48;2;236;40;40m▄\e[38;2;223;0;0;48;2;230;0;0m▄\e[38;2;236;66;66;48;2;230;0;0m▄\e[38;2;224;0;0;48;2;230;0;0m▄\e[38;2;224;8;8;48;2;230;5;5m▄\e[38;2;223;0;0;48;2;240;68;68m▄\e[38;2;223;0;0;48;2;231;0;0m▄\e[38;2;232;47;45;48;2;230;0;0m▄\e[38;2;252;95;95;48;2;253;46;46m▄\e[38;2;238;76;76;48;2;230;0;0m▄\e[38;2;224;8;8;48;2;233;17;17m▄\e[38;2;228;28;28;48;2;237;45;45m▄\e[38;2;231;42;42;48;2;230;0;0m▄\e[38;2;242;85;85;48;2;246;96;96m▄\e[38;2;223;0;0;48;2;231;0;0m▄\e[38;2;223;0;0;48;2;230;0;0m▄\e[38;2;235;2;2;48;2;242;29;29m▄\e[38;2;223;0;0;48;2;232;19;19m▄\e[38;2;223;0;0;48;2;241;68;68m▄\e[38;2;223;0;0;48;2;247;112;112m▄\e[38;2;223;0;0;48;2;230;3;3m▄\e[38;2;249;60;60;48;2;249;10;10m▄\e[38;2;223;0;0;48;2;230;0;0m▄\e[38;2;223;0;0;49m▄\e[49m      \e[m
\e[49m  \e[38;2;212;11;11;48;2;218;0;0m▄\e[38;2;209;0;0;48;2;218;3;3m▄\e[38;2;237;96;96;48;2;219;0;0m▄\e[38;2;216;19;19;48;2;218;0;0m▄\e[38;2;213;16;16;48;2;218;0;0m▄\e[38;2;211;11;9;48;2;218;0;0m▄\e[38;2;247;11;11;48;2;248;11;11m▄\e[38;2;218;33;33;48;2;232;64;64m▄\e[38;2;208;0;0;48;2;218;0;0m▄\e[38;2;209;0;0;48;2;246;120;120m▄\e[38;2;209;0;0;48;2;218;0;0m▄\e[38;2;229;70;70;48;2;222;20;20m▄\e[38;2;209;0;0;48;2;228;45;45m▄\e[38;2;211;7;7;48;2;218;0;0m▄\e[38;2;241;11;11;48;2;248;86;86m▄\e[38;2;217;29;29;48;2;218;2;0m▄\e[38;2;224;52;52;48;2;239;89;89m▄\e[38;2;209;0;0;48;2;218;0;0m▄▄\e[38;2;211;0;0;48;2;219;7;7m▄\e[38;2;209;0;0;48;2;218;0;0m▄\e[38;2;209;0;0;48;2;227;41;41m▄\e[38;2;209;0;0;48;2;218;0;0m▄\e[38;2;235;89;89;48;2;218;0;0m▄\e[38;2;253;161;161;48;2;252;44;44m▄\e[38;2;218;33;33;48;2;219;7;7m▄\e[38;2;238;99;99;48;2;218;0;0m▄\e[38;2;212;11;11;48;2;222;19;19m▄\e[38;2;213;16;16;48;2;218;0;0m▄\e[38;2;224;32;32;48;2;223;2;2m▄\e[38;2;209;0;0;48;2;218;0;0m▄\e[38;2;233;83;83;48;2;218;4;4m▄\e[38;2;226;2;2;48;2;238;48;48m▄\e[38;2;225;55;55;48;2;218;0;0m▄\e[38;2;210;0;0;48;2;230;53;53m▄\e[38;2;217;27;27;48;2;218;0;0m▄\e[38;2;235;89;89;48;2;219;8;8m▄\e[38;2;244;7;7;48;2;246;8;8m▄\e[38;2;209;0;0;48;2;218;0;0m▄\e[38;2;209;0;0;48;2;222;19;19m▄\e[38;2;228;66;66;48;2;255;252;253m▄\e[49m     \e[m
\e[49m  \e[38;2;237;111;109;48;2;247;113;113m▄\e[38;2;237;109;109;48;2;246;115;115m▄\e[38;2;190;0;0;48;2;239;19;19m▄\e[38;2;195;2;2;48;2;239;5;5m▄\e[38;2;194;0;0;48;2;243;73;73m▄\e[38;2;190;0;0;48;2;240;6;6m▄\e[38;2;241;6;6;48;2;249;18;18m▄\e[38;2;193;7;7;48;2;239;22;22m▄\e[38;2;199;21;21;48;2;240;6;6m▄\e[38;2;209;45;45;48;2;239;11;11m▄\e[38;2;191;3;3;48;2;241;6;6m▄\e[38;2;190;0;0;48;2;242;43;43m▄\e[38;2;194;0;0;48;2;249;129;129m▄\e[38;2;190;0;0;48;2;241;7;7m▄\e[38;2;234;3;3;48;2;248;39;39m▄\e[38;2;190;0;0;48;2;244;60;60m▄\e[38;2;191;3;3;48;2;239;5;5m▄\e[38;2;190;0;0;48;2;247;93;93m▄\e[38;2;190;0;0;48;2;240;6;6m▄\e[38;2;190;0;0;48;2;238;5;5m▄\e[38;2;190;0;0;48;2;242;20;20m▄\e[38;2;209;43;43;48;2;239;5;5m▄\e[38;2;190;0;0;48;2;240;6;6m▄\e[38;2;190;0;2;48;2;242;18;18m▄\e[38;2;248;20;20;48;2;250;30;30m▄\e[38;2;190;0;0;48;2;241;6;6m▄▄\e[38;2;191;2;2;48;2;241;6;6m▄\e[38;2;190;0;0;48;2;241;6;6m▄\e[38;2;201;0;0;48;2;239;5;5m▄\e[38;2;190;0;0;48;2;241;6;6m▄\e[38;2;195;7;7;48;2;250;134;134m▄\e[38;2;215;2;2;48;2;250;113;113m▄\e[38;2;190;0;0;48;2;250;139;139m▄\e[38;2;191;3;3;48;2;241;14;14m▄\e[38;2;190;0;0;48;2;241;18;18m▄\e[38;2;234;102;102;48;2;241;20;20m▄\e[38;2;240;23;23;48;2;248;14;14m▄\e[38;2;228;89;91;48;2;240;6;6m▄\e[38;2;207;41;41;48;2;238;5;5m▄\e[38;2;190;0;0;48;2;239;55;55m▄\e[38;2;190;0;0;48;2;239;17;17m▄\e[38;2;195;13;13;49m▄\e[38;2;255;252;252;49m▄\e[49m  \e[m
\e[49m  \e[38;2;203;2;2;48;2;181;0;0m▄\e[38;2;207;5;5;48;2;181;0;0m▄\e[38;2;203;3;2;48;2;181;0;0m▄\e[38;2;229;80;82;48;2;184;0;0m▄\e[38;2;207;2;2;48;2;181;0;0m▄\e[38;2;204;2;2;48;2;190;20;20m▄\e[38;2;238;17;16;48;2;240;37;37m▄\e[38;2;208;5;5;48;2;221;84;84m▄\e[38;2;205;2;2;48;2;189;16;16m▄\e[38;2;207;2;2;48;2;181;0;0m▄\e[38;2;206;2;2;48;2;211;62;62m▄\e[38;2;218;55;55;48;2;181;0;1m▄\e[38;2;206;2;2;48;2;181;0;0m▄\e[38;2;208;7;7;48;2;186;5;5m▄\e[38;2;236;47;47;48;2;231;30;30m▄\e[38;2;215;32;32;48;2;181;0;0m▄\e[38;2;204;2;0;48;2;181;0;0m▄\e[38;2;206;2;2;48;2;194;27;27m▄\e[38;2;227;72;72;48;2;193;25;25m▄\e[38;2;227;77;77;48;2;199;27;27m▄\e[38;2;206;2;2;48;2;181;0;0m▄\e[38;2;212;32;32;48;2;181;0;0m▄\e[38;2;215;29;29;48;2;207;49;49m▄\e[38;2;206;2;2;48;2;195;29;29m▄\e[38;2;251;143;143;48;2;246;14;14m▄\e[38;2;229;77;77;48;2;181;0;0m▄\e[38;2;206;2;2;48;2;197;29;29m▄\e[38;2;214;32;32;48;2;223;87;87m▄\e[38;2;206;2;2;48;2;181;0;0m▄\e[38;2;230;82;82;48;2;241;122;122m▄\e[38;2;208;12;12;48;2;218;76;76m▄\e[38;2;210;2;0;48;2;181;0;0m▄\e[38;2;222;18;18;48;2;206;2;2m▄\e[38;2;206;2;2;48;2;232;106;106m▄\e[38;2;206;2;2;48;2;202;38;38m▄\e[38;2;217;42;42;48;2;184;0;0m▄\e[38;2;205;2;2;48;2;181;0;0m▄\e[38;2;234;5;5;48;2;248;138;138m▄\e[38;2;204;2;0;48;2;189;16;16m▄\e[38;2;215;32;32;48;2;183;0;0m▄\e[38;2;213;36;36;48;2;181;0;0m▄\e[38;2;207;17;17;48;2;181;0;0m▄\e[38;2;210;18;18;48;2;181;0;0m▄\e[38;2;203;2;2;48;2;181;5;5m▄\e[49m  \e[m
\e[49m  \e[38;2;147;0;0;48;2;160;0;0m▄\e[38;2;147;0;0;48;2;162;3;3m▄\e[38;2;150;5;5;48;2;160;0;0m▄\e[38;2;149;0;0;48;2;180;24;24m▄\e[38;2;202;78;78;48;2;160;0;0m▄\e[38;2;167;29;29;48;2;160;0;0m▄\e[38;2;226;16;16;48;2;230;5;5m▄\e[38;2;160;5;5;48;2;160;0;0m▄\e[38;2;158;16;16;48;2;185;41;41m▄\e[38;2;148;0;0;48;2;160;0;0m▄\e[38;2;147;0;0;48;2;177;28;28m▄\e[38;2;147;0;0;48;2;160;0;0m▄\e[38;2;153;0;0;48;2;160;0;0m▄\e[38;2;152;1;1;48;2;189;47;47m▄\e[38;2;214;20;20;48;2;218;3;3m▄\e[38;2;147;0;0;48;2;179;31;31m▄\e[38;2;153;0;0;48;2;160;0;0m▄\e[38;2;153;9;9;48;2;194;55;55m▄\e[38;2;147;0;0;48;2;195;57;57m▄\e[38;2;148;0;0;48;2;198;61;61m▄\e[38;2;147;0;0;48;2;160;0;0m▄\e[38;2;154;10;10;48;2;160;0;0m▄\e[38;2;147;0;0;48;2;161;0;0m▄\e[38;2;161;20;20;48;2;160;0;0m▄\e[38;2;243;14;14;48;2;246;65;65m▄\e[38;2;168;27;26;48;2;161;3;3m▄\e[38;2;147;0;0;48;2;160;0;0m▄\e[38;2;147;0;0;48;2;179;31;31m▄\e[38;2;147;0;0;48;2;177;28;28m▄\e[38;2;164;9;9;48;2;172;0;0m▄\e[38;2;149;3;3;48;2;160;0;0m▄\e[38;2;148;0;0;48;2;160;0;0m▄\e[38;2;180;7;7;48;2;217;68;68m▄\e[38;2;170;32;32;48;2;185;40;41m▄\e[38;2;164;12;12;48;2;174;22;22m▄\e[38;2;147;0;0;48;2;160;0;0m▄\e[38;2;201;76;76;48;2;160;0;0m▄\e[38;2;219;9;9;48;2;225;3;3m▄\e[38;2;147;0;0;48;2;160;0;0m▄\e[38;2;157;10;10;48;2;160;0;1m▄\e[38;2;147;0;0;48;2;160;0;0m▄▄\e[38;2;167;29;29;48;2;160;0;0m▄\e[38;2;147;0;0;48;2;162;4;4m▄\e[49m  \e[m
\e[49m  \e[38;2;207;93;93;48;2;218;101;101m▄\e[38;2;218;106;106;48;2;138;0;0m▄\e[38;2;127;0;0;48;2;138;0;0m▄\e[38;2;133;4;4;48;2;138;0;0m▄\e[38;2;129;3;3;48;2;187;62;62m▄\e[38;2;127;0;2;48;2;138;0;0m▄\e[38;2;214;3;3;48;2;220;3;3m▄\e[38;2;218;106;106;48;2;211;93;93m▄\e[38;2;201;86;86;48;2;138;0;0m▄\e[38;2;129;2;2;48;2;167;37;37m▄\e[38;2;130;4;4;48;2;216;99;99m▄\e[38;2;127;0;0;48;2;141;4;4m▄\e[38;2;212;99;99;48;2;138;0;0m▄\e[38;2;130;0;0;48;2;138;0;0m▄\e[38;2;197;2;2;48;2;239;118;118m▄\e[38;2;127;0;0;48;2;142;5;4m▄\e[38;2;127;0;0;48;2;138;0;0m▄\e[38;2;218;106;106;48;2;192;68;68m▄\e[38;2;127;0;0;48;2;138;0;0m▄\e[38;2;213;100;100;48;2;138;0;0m▄\e[38;2;127;0;0;48;2;152;18;18m▄\e[38;2;222;111;111;48;2;187;62;62m▄\e[38;2;168;46;46;48;2;140;0;0m▄\e[38;2;127;0;0;48;2;162;31;31m▄\e[38;2;231;5;5;48;2;247;119;117m▄\e[38;2;127;0;0;48;2;138;0;1m▄\e[38;2;149;25;25;48;2;147;11;11m▄\e[38;2;127;0;0;48;2;187;62;62m▄\e[38;2;130;4;4;48;2;172;43;43m▄\e[38;2;144;5;5;48;2;154;4;4m▄\e[38;2;218;106;106;48;2;147;12;12m▄\e[38;2;213;100;100;48;2;138;0;0m▄\e[38;2;163;6;6;48;2;170;0;0m▄\e[38;2;127;0;0;48;2;138;0;0m▄▄▄\e[38;2;212;99;99;48;2;139;0;0m▄\e[38;2;206;2;2;48;2;218;18;18m▄\e[38;2;127;0;0;48;2;213;95;95m▄\e[38;2;184;66;66;48;2;187;62;62m▄\e[38;2;178;60;60;48;2;182;56;56m▄\e[38;2;159;38;38;48;2;138;0;0m▄\e[38;2;212;99;99;48;2;138;0;0m▄\e[38;2;127;0;0;48;2;138;0;0m▄\e[49m  \e[m
\e[49m  \e[38;2;203;99;99;48;2;123;10;10m▄\e[38;2;104;0;0;48;2;113;0;0m▄▄\e[38;2;110;0;0;48;2;113;0;0m▄\e[38;2;146;40;40;48;2;173;64;64m▄\e[38;2;104;0;0;48;2;113;0;0m▄\e[38;2;221;74;74;48;2;212;35;35m▄\e[38;2;104;0;0;48;2;113;0;0m▄▄\e[38;2;146;42;42;48;2;113;0;0m▄\e[38;2;128;24;24;48;2;113;0;0m▄\e[38;2;133;29;29;48;2;113;0;0m▄\e[38;2;112;8;8;48;2;113;0;0m▄\e[38;2;106;2;2;48;2;213;106;106m▄\e[38;2;181;2;2;48;2;174;2;2m▄\e[38;2;104;0;0;48;2;113;0;0m▄\e[38;2;104;0;0;48;2;159;49;49m▄\e[38;2;152;48;48;48;2;164;55;55m▄\e[38;2;104;1;0;48;2;113;0;1m▄\e[38;2;105;0;0;48;2;114;1;1m▄\e[38;2;138;34;34;48;2;128;16;16m▄\e[38;2;146;42;42;48;2;129;17;17m▄\e[38;2;104;0;0;48;2;128;16;16m▄\e[38;2;104;0;0;48;2;146;35;35m▄\e[38;2;232;54;54;48;2;221;7;7m▄\e[38;2;104;0;0;48;2;188;80;80m▄\e[38;2;138;34;34;48;2;128;16;16m▄\e[38;2;130;26;26;48;2;113;0;0m▄\e[38;2;104;0;0;48;2;124;12;12m▄\e[38;2;156;43;43;48;2;141;19;19m▄\e[38;2;146;42;42;48;2;113;0;0m▄\e[38;2;104;0;0;48;2;138;26;26m▄\e[38;2;149;14;14;48;2;148;0;0m▄\e[38;2;104;0;0;48;2;113;0;0m▄\e[38;2;104;0;0;48;2;158;48;48m▄\e[38;2;152;48;48;48;2;211;105;105m▄\e[38;2;141;37;37;48;2;113;0;0m▄\e[38;2;221;82;82;48;2;195;2;2m▄\e[38;2;117;13;13;48;2;178;69;69m▄\e[38;2;104;0;0;48;2;163;53;53m▄\e[38;2;104;0;0;48;2;113;0;0m▄\e[38;2;175;71;71;48;2;113;0;0m▄\e[38;2;104;0;0;48;2;113;0;0m▄▄\e[49m  \e[m
\e[49m  \e[38;2;190;2;2;48;2;153;56;56m▄\e[38;2;175;2;2;48;2;96;3;3m▄\e[38;2;199;20;20;48;2;93;0;0m▄\e[38;2;211;39;39;48;2;146;49;49m▄\e[38;2;212;45;45;48;2;93;0;0m▄\e[38;2;199;2;2;48;2;93;0;0m▄\e[38;2;230;33;33;48;2;189;2;2m▄\e[38;2;190;2;2;48;2;93;0;0m▄\e[38;2;199;2;2;48;2;93;0;0m▄\e[38;2;210;50;50;48;2;113;18;18m▄\e[38;2;200;2;2;48;2;93;0;0m▄\e[38;2;217;70;70;48;2;176;78;78m▄\e[38;2;196;2;2;48;2;101;8;8m▄\e[38;2;241;127;127;48;2;157;60;60m▄\e[38;2;243;114;114;48;2;168;2;2m▄\e[38;2;200;2;2;48;2;118;24;24m▄\e[38;2;199;2;2;48;2;93;0;0m▄\e[38;2;199;2;2;48;2;129;34;34m▄\e[38;2;212;43;43;48;2;93;0;0m▄\e[38;2;194;2;2;48;2;105;7;7m▄\e[38;2;208;28;28;48;2;148;52;52m▄\e[38;2;196;2;2;48;2;93;0;0m▄\e[38;2;192;2;2;48;2;146;49;49m▄\e[38;2;200;2;2;48;2;93;0;0m▄\e[38;2;228;9;9;48;2;217;19;19m▄\e[38;2;214;32;32;48;2;157;60;60m▄\e[38;2;200;3;2;48;2;95;0;0m▄\e[38;2;228;84;84;48;2;93;0;0m▄\e[38;2;202;2;2;48;2;184;85;85m▄\e[38;2;193;2;2;48;2;169;64;64m▄\e[38;2;211;30;30;48;2;93;0;0m▄\e[38;2;210;35;35;48;2;95;0;0m▄\e[38;2;219;47;47;48;2;130;0;0m▄\e[38;2;220;63;63;48;2;118;24;24m▄\e[38;2;215;45;45;48;2;154;57;57m▄\e[38;2;221;70;70;48;2;109;15;15m▄\e[38;2;208;30;30;48;2;139;43;43m▄\e[38;2;221;9;9;48;2;211;69;69m▄\e[38;2;205;20;20;48;2;93;0;0m▄\e[38;2;216;63;63;48;2;93;0;0m▄\e[38;2;179;2;2;48;2;131;36;36m▄\e[38;2;192;2;2;48;2;109;15;15m▄\e[38;2;189;2;2;48;2;159;62;62m▄\e[38;2;191;4;4;48;2;97;4;4m▄\e[49m  \e[m
\e[49m  \e[38;2;81;11;11;48;2;80;0;0m▄\e[38;2;88;9;9;48;2;95;13;13m▄\e[38;2;81;9;9;48;2;101;18;18m▄\e[38;2;80;1;1;48;2;83;0;0m▄\e[38;2;81;5;5;48;2;145;56;56m▄\e[38;2;78;0;0;48;2;85;4;4m▄\e[38;2;170;4;4;48;2;179;17;17m▄\e[38;2;77;0;0;48;2;80;0;0m▄\e[38;2;178;87;87;48;2;80;0;0m▄\e[38;2;79;5;5;48;2;134;46;46m▄\e[38;2;78;4;4;48;2;87;6;6m▄\e[38;2;114;33;33;48;2;115;31;31m▄\e[38;2;73;0;0;48;2;80;0;0m▄\e[38;2;73;0;0;48;2;96;15;14m▄\e[38;2;211;99;99;48;2;156;4;4m▄\e[38;2;71;0;0;48;2;80;0;0m▄▄\e[38;2;71;0;0;48;2;115;31;31m▄\e[38;2;71;0;0;48;2;94;12;12m▄\e[38;2;77;0;0;48;2;80;0;0m▄\e[38;2;78;5;5;48;2;172;81;80m▄\e[38;2;71;0;0;48;2;80;0;0m▄▄\e[38;2;72;0;0;48;2;80;0;0m▄\e[38;2;235;122;122;48;2;206;16;16m▄\e[38;2;76;0;0;48;2;80;0;0m▄\e[38;2;72;0;0;48;2;172;81;81m▄\e[38;2;71;0;0;48;2;80;0;0m▄▄\e[38;2;84;0;0;48;2;91;1;0m▄\e[38;2;71;0;0;48;2;80;0;0m▄\e[38;2;72;0;0;48;2;83;0;2m▄\e[38;2;102;0;0;48;2;206;102;102m▄\e[38;2;72;0;0;48;2;80;0;0m▄\e[38;2;85;7;7;48;2;83;0;0m▄\e[38;2;158;73;73;48;2;85;4;4m▄\e[38;2;71;0;0;48;2;80;0;0m▄\e[38;2;222;111;111;48;2;221;104;104m▄\e[38;2;71;0;0;48;2;80;0;0m▄\e[38;2;77;4;4;48;2;152;62;62m▄\e[38;2;71;0;0;48;2;80;0;0m▄\e[38;2;71;0;0;48;2;91;9;9m▄\e[38;2;86;13;13;48;2;82;0;0m▄\e[38;2;71;0;0;48;2;80;0;0m▄\e[49m  \e[m
\e[49m                                                \e[m
";
