printf "\e[49m                                                \e[m
\e[49m                                                \e[m
\e[49m                                                \e[m
\e[49m                                                \e[m
\e[49m                                                \e[m
\e[49m                                             \e[38;2;251;253;246;49m▄\e[49m  \e[m
\e[49m                                       \e[38;2;251;253;246;49m▄\e[38;2;253;254;252;49m▄\e[49m   \e[38;2;60;118;0;49m▄\e[38;2;88;151;0;48;2;80;140;0m▄\e[49m  \e[m
\e[49m                                   \e[38;2;43;94;0;49m▄\e[38;2;60;117;0;49m▄\e[38;2;43;91;0;49m▄\e[38;2;43;94;0;48;2;45;96;0m▄\e[38;2;106;167;0;48;2;62;121;0m▄\e[38;2;41;91;0;48;2;251;253;248m▄\e[49m \e[38;2;251;253;246;49m▄\e[38;2;53;107;0;48;2;86;134;25m▄\e[38;2;40;87;0;48;2;46;98;0m▄\e[38;2;52;106;0;48;2;52;107;0m▄\e[49m  \e[m
\e[49m                             \e[38;2;60;117;0;48;2;251;253;246m▄\e[38;2;36;82;0;48;2;252;254;250m▄\e[38;2;49;103;0;49m▄\e[49m \e[38;2;250;253;245;49m▄\e[38;2;31;74;0;48;2;46;98;0m▄\e[38;2;37;85;0;48;2;48;102;0m▄\e[38;2;31;74;0;48;2;66;124;0m▄\e[38;2;44;96;0;48;2;43;93;0m▄\e[38;2;32;75;0;48;2;54;110;0m▄\e[38;2;63;121;0;48;2;70;130;0m▄\e[38;2;32;76;0;48;2;33;77;0m▄\e[38;2;57;113;0;48;2;53;108;0m▄\e[38;2;44;95;0;48;2;31;73;0m▄\e[38;2;48;101;0;48;2;37;84;0m▄\e[38;2;70;126;0;48;2;45;98;0m▄\e[38;2;45;96;0;48;2;40;87;0m▄\e[49m  \e[m
\e[49m                            \e[38;2;38;86;0;48;2;251;253;246m▄\e[38;2;34;79;0;48;2;43;94;0m▄\e[38;2;54;109;0;48;2;55;109;0m▄\e[38;2;64;122;0;48;2;69;128;0m▄\e[38;2;48;100;0;48;2;33;78;0m▄\e[38;2;53;107;0;48;2;40;89;0m▄\e[38;2;34;79;0;48;2;47;98;0m▄\e[38;2;49;103;0;48;2;61;119;0m▄\e[38;2;43;94;0;48;2;31;73;0m▄\e[38;2;39;86;0;48;2;42;93;0m▄\e[38;2;42;92;0;48;2;31;73;0m▄\e[38;2;99;159;0;48;2;80;141;0m▄\e[38;2;50;101;0;48;2;32;76;0m▄\e[38;2;50;104;0;48;2;43;92;0m▄\e[38;2;38;85;0;48;2;33;77;0m▄\e[38;2;48;101;0;48;2;36;83;0m▄\e[38;2;33;77;0;48;2;39;87;0m▄\e[38;2;38;86;0;48;2;35;80;0m▄\e[49m  \e[m
\e[49m                          \e[38;2;251;253;246;49m▄\e[38;2;54;109;0;48;2;251;253;245m▄\e[48;2;58;114;0m \e[38;2;40;90;0;48;2;53;108;0m▄\e[38;2;33;78;0;48;2;49;103;0m▄\e[38;2;55;111;0;48;2;58;116;0m▄\e[38;2;54;111;0;48;2;40;89;0m▄\e[38;2;41;90;0;48;2;35;80;0m▄\e[38;2;55;111;0;48;2;31;74;0m▄\e[38;2;40;89;0;48;2;49;103;0m▄\e[38;2;32;76;0;48;2;49;102;0m▄\e[38;2;38;86;0;48;2;34;79;0m▄\e[38;2;31;74;0;48;2;53;108;0m▄\e[38;2;77;139;0;48;2;77;138;0m▄\e[38;2;36;82;0;48;2;37;85;0m▄\e[38;2;41;91;0;48;2;45;97;0m▄\e[38;2;38;86;0;48;2;36;82;0m▄\e[38;2;50;105;0;48;2;37;84;0m▄\e[38;2;40;90;0;48;2;31;74;0m▄\e[38;2;45;97;0;48;2;42;92;0m▄\e[49m  \e[m
\e[49m                       \e[38;2;251;253;246;49m▄\e[49m \e[38;2;29;71;0;48;2;254;254;254m▄\e[38;2;44;96;0;48;2;42;92;0m▄\e[38;2;33;78;0;48;2;68;128;0m▄\e[38;2;37;85;0;48;2;36;83;0m▄\e[38;2;54;110;0;48;2;57;115;0m▄\e[38;2;52;107;0;48;2;43;92;0m▄\e[38;2;68;128;0;48;2;60;116;0m▄\e[38;2;37;85;0;48;2;46;99;0m▄\e[48;2;30;72;0m \e[38;2;35;82;0;48;2;56;113;0m▄\e[38;2;50;105;0;48;2;49;104;0m▄\e[38;2;35;80;0;48;2;48;101;0m▄\e[38;2;31;74;0;48;2;41;91;0m▄\e[38;2;36;83;0;48;2;40;90;0m▄\e[38;2;54;110;0;48;2;47;99;0m▄\e[38;2;36;84;0;48;2;30;73;0m▄\e[38;2;41;89;0;48;2;44;95;0m▄\e[38;2;55;111;0;48;2;52;107;0m▄\e[38;2;39;87;0;48;2;50;103;0m▄\e[38;2;33;77;0;48;2;48;99;0m▄\e[38;2;32;75;0;48;2;30;73;0m▄\e[49m  \e[m
\e[49m                \e[38;2;85;147;0;49m▄\e[38;2;40;87;0;48;2;253;254;252m▄\e[38;2;48;99;0;48;2;253;254;252m▄\e[38;2;29;69;0;49m▄\e[38;2;251;253;246;49m▄\e[49m \e[38;2;58;116;0;48;2;253;254;252m▄\e[38;2;42;92;0;48;2;43;95;0m▄\e[38;2;45;98;0;48;2;253;254;252m▄\e[38;2;37;81;0;48;2;49;103;0m▄\e[38;2;30;71;0;48;2;47;100;0m▄\e[38;2;29;69;0;48;2;101;163;0m▄\e[38;2;62;119;0;48;2;76;136;0m▄\e[38;2;35;79;0;48;2;98;159;0m▄\e[38;2;31;74;0;48;2;56;113;0m▄\e[38;2;60;116;0;48;2;76;137;0m▄\e[38;2;36;82;0;48;2;44;96;0m▄\e[38;2;42;93;0;48;2;47;100;0m▄\e[38;2;41;91;0;48;2;82;144;0m▄\e[38;2;49;102;0;48;2;66;127;0m▄\e[38;2;47;100;0;48;2;51;105;0m▄\e[38;2;30;72;0;48;2;48;102;0m▄\e[38;2;59;118;0;48;2;90;151;0m▄\e[38;2;41;91;0;48;2;78;140;0m▄\e[38;2;31;73;0;48;2;44;95;0m▄\e[38;2;37;84;0;48;2;59;117;0m▄\e[38;2;29;70;0;48;2;68;127;0m▄\e[38;2;51;106;0;48;2;58;115;0m▄\e[38;2;29;69;0;48;2;37;84;0m▄\e[38;2;38;85;0;48;2;83;145;0m▄\e[49m  \e[m
\e[49m       \e[38;2;250;253;244;49m▄\e[38;2;39;87;0;49m▄\e[49m  \e[38;2;251;253;246;49m▄▄\e[49m  \e[38;2;27;67;0;48;2;251;253;246m▄\e[38;2;41;91;0;48;2;43;92;0m▄\e[38;2;54;108;0;48;2;37;83;0m▄\e[38;2;39;87;0;48;2;28;68;0m▄\e[38;2;69;127;0;48;2;57;114;0m▄\e[38;2;34;79;0;48;2;43;94;0m▄\e[38;2;60;117;0;48;2;68;129;0m▄\e[38;2;38;87;0;48;2;49;103;0m▄\e[38;2;50;104;0;48;2;57;114;0m▄\e[38;2;36;83;0;48;2;30;71;0m▄\e[38;2;43;93;0;48;2;28;68;0m▄\e[38;2;45;98;0;48;2;50;104;0m▄\e[38;2;39;86;0;48;2;35;80;0m▄\e[38;2;41;91;0;48;2;28;68;0m▄\e[38;2;27;67;0;48;2;30;71;0m▄\e[38;2;35;80;0;48;2;29;70;0m▄\e[38;2;69;128;0;48;2;48;101;0m▄\e[38;2;27;67;0;48;2;29;70;0m▄\e[38;2;45;98;0;48;2;48;100;0m▄\e[38;2;27;67;0;48;2;48;103;0m▄\e[38;2;41;90;0;48;2;35;79;0m▄\e[38;2;56;113;0;48;2;30;72;0m▄\e[38;2;40;89;0;48;2;32;76;0m▄\e[38;2;44;96;0;48;2;38;86;0m▄\e[38;2;48;100;0;48;2;54;110;0m▄\e[38;2;54;107;0;48;2;49;101;0m▄\e[38;2;31;73;0;48;2;35;79;0m▄\e[38;2;43;93;0;48;2;39;87;0m▄\e[38;2;27;67;0;48;2;54;110;0m▄\e[38;2;39;86;0;48;2;35;80;0m▄\e[38;2;33;79;0;48;2;50;104;0m▄\e[49m  \e[m
\e[49m      \e[38;2;34;79;0;49m▄\e[38;2;30;72;0;48;2;33;77;0m▄\e[38;2;44;95;0;48;2;49;103;0m▄\e[38;2;36;82;0;48;2;58;117;0m▄\e[38;2;32;75;0;48;2;75;136;0m▄\e[38;2;26;65;0;48;2;48;101;0m▄\e[38;2;33;77;0;48;2;36;82;0m▄\e[38;2;36;83;0;48;2;41;91;0m▄\e[38;2;28;67;0;48;2;27;67;0m▄\e[38;2;26;64;0;48;2;34;79;0m▄\e[38;2;54;110;0;48;2;76;136;0m▄\e[38;2;47;100;0;48;2;42;91;0m▄\e[38;2;35;78;0;48;2;48;100;0m▄\e[48;2;34;78;0m \e[38;2;52;105;0;48;2;27;66;0m▄\e[38;2;78;139;0;48;2;69;129;0m▄\e[38;2;44;94;0;48;2;30;72;0m▄\e[38;2;26;65;0;48;2;27;66;0m▄\e[38;2;36;82;0;48;2;49;103;0m▄\e[38;2;34;79;0;48;2;42;93;0m▄\e[38;2;31;73;0;48;2;27;66;0m▄\e[38;2;62;118;0;48;2;45;96;0m▄\e[38;2;27;66;0;48;2;38;86;0m▄\e[38;2;68;128;0;48;2;38;86;0m▄\e[38;2;48;102;0;48;2;63;118;0m▄\e[38;2;65;119;0;48;2;54;109;0m▄\e[38;2;34;80;0;48;2;62;121;0m▄\e[38;2;35;82;0;48;2;35;80;0m▄\e[38;2;39;85;0;48;2;29;70;0m▄\e[38;2;35;80;0;48;2;28;67;0m▄\e[38;2;36;82;0;48;2;39;88;0m▄\e[38;2;38;86;0;48;2;47;99;0m▄\e[38;2;36;82;0;48;2;51;105;0m▄\e[38;2;48;100;0;48;2;84;146;0m▄\e[38;2;30;71;0;48;2;40;89;0m▄\e[38;2;32;76;0;48;2;41;90;0m▄\e[48;2;40;88;0m \e[38;2;40;88;0;48;2;27;66;0m▄\e[38;2;46;99;0;48;2;38;86;0m▄\e[38;2;28;69;0;48;2;44;95;0m▄\e[49m  \e[m
\e[49m     \e[38;2;43;95;0;48;2;251;253;246m▄\e[38;2;29;68;0;48;2;32;75;0m▄\e[38;2;28;67;0;48;2;30;72;0m▄\e[38;2;32;76;0;48;2;35;80;0m▄\e[38;2;46;98;0;48;2;35;80;0m▄\e[38;2;43;92;0;48;2;32;74;0m▄\e[38;2;24;60;0;48;2;52;107;0m▄\e[38;2;35;81;0;48;2;32;76;0m▄\e[38;2;26;65;0;48;2;62;119;0m▄\e[38;2;35;81;0;48;2;50;104;0m▄\e[38;2;48;101;0;48;2;33;77;0m▄\e[38;2;41;88;0;48;2;31;70;0m▄\e[38;2;29;71;0;48;2;30;72;0m▄\e[38;2;42;90;0;48;2;41;90;0m▄\e[38;2;56;110;0;48;2;33;77;0m▄\e[38;2;48;99;0;48;2;39;86;0m▄\e[38;2;92;154;0;48;2;70;129;0m▄\e[38;2;49;100;0;48;2;28;68;0m▄\e[38;2;24;60;0;48;2;25;62;0m▄\e[38;2;24;60;0;48;2;42;92;0m▄\e[38;2;31;73;0;48;2;27;65;0m▄\e[38;2;37;83;0;48;2;42;93;0m▄\e[38;2;24;60;0;48;2;26;64;0m▄\e[38;2;32;75;0;48;2;25;62;0m▄\e[38;2;44;94;0;48;2;59;114;0m▄\e[38;2;39;85;0;48;2;29;70;0m▄\e[38;2;48;97;0;48;2;59;115;0m▄\e[38;2;53;108;0;48;2;26;64;0m▄\e[38;2;25;62;0;48;2;34;80;0m▄\e[38;2;42;93;0;48;2;38;86;0m▄\e[38;2;42;92;0;48;2;27;67;0m▄\e[38;2;24;61;0;48;2;82;144;0m▄\e[38;2;32;76;0;48;2;33;76;0m▄\e[38;2;54;110;0;48;2;42;91;0m▄\e[38;2;36;82;0;48;2;39;87;0m▄\e[38;2;34;79;0;48;2;29;70;0m▄\e[38;2;45;96;0;48;2;33;76;0m▄\e[38;2;39;86;0;48;2;34;78;0m▄\e[38;2;53;104;0;48;2;29;71;0m▄\e[38;2;25;63;0;48;2;36;83;0m▄\e[38;2;32;76;0;48;2;29;70;0m▄\e[49m  \e[m
\e[49m  \e[38;2;251;253;246;49m▄\e[38;2;36;82;0;49m▄\e[38;2;21;55;0;48;2;39;87;0m▄\e[38;2;26;64;0;48;2;40;89;0m▄\e[38;2;43;92;0;48;2;37;83;0m▄\e[38;2;44;94;0;48;2;36;82;0m▄\e[38;2;66;124;0;48;2;37;84;0m▄\e[38;2;51;105;0;48;2;62;116;0m▄\e[38;2;21;55;0;48;2;47;99;0m▄\e[38;2;31;74;0;48;2;48;98;0m▄\e[38;2;21;55;0;48;2;116;174;4m▄\e[38;2;34;79;0;48;2;50;104;0m▄\e[38;2;41;90;0;48;2;69;128;0m▄\e[38;2;27;65;0;48;2;60;116;0m▄\e[38;2;30;71;0;48;2;36;81;0m▄\e[38;2;21;55;0;48;2;31;73;0m▄\e[38;2;31;74;0;48;2;35;80;0m▄\e[38;2;24;60;0;48;2;53;108;0m▄\e[38;2;28;68;0;48;2;36;82;0m▄\e[38;2;52;107;0;48;2;65;124;0m▄\e[38;2;21;55;0;48;2;50;104;0m▄\e[38;2;23;60;0;48;2;32;76;0m▄\e[38;2;47;99;0;48;2;32;75;0m▄\e[38;2;21;55;0;48;2;41;89;0m▄\e[38;2;23;57;0;48;2;32;76;0m▄\e[38;2;32;73;0;48;2;31;73;0m▄\e[38;2;22;57;0;48;2;57;114;0m▄\e[38;2;38;85;0;48;2;38;86;0m▄\e[38;2;21;55;0;48;2;56;110;0m▄\e[38;2;39;86;0;48;2;56;109;0m▄\e[38;2;27;66;0;48;2;38;85;0m▄\e[38;2;26;65;0;48;2;55;112;0m▄\e[38;2;21;56;0;48;2;43;95;0m▄\e[38;2;36;83;0;48;2;32;75;0m▄\e[38;2;55;112;0;48;2;51;106;0m▄\e[38;2;42;92;0;48;2;31;73;0m▄\e[38;2;51;104;0;48;2;51;106;0m▄\e[38;2;36;83;0;48;2;48;101;0m▄\e[38;2;23;58;0;48;2;62;120;0m▄\e[38;2;30;72;0;48;2;40;90;0m▄\e[38;2;37;82;0;48;2;30;72;0m▄\e[38;2;22;58;0;48;2;37;84;0m▄\e[38;2;40;88;0;48;2;50;104;0m▄\e[38;2;44;94;0;48;2;44;95;0m▄\e[49m  \e[m
\e[49m  \e[38;2;31;72;0;48;2;33;77;0m▄\e[38;2;50;103;0;48;2;32;75;0m▄\e[38;2;52;107;0;48;2;29;69;0m▄\e[38;2;33;77;0;48;2;24;61;0m▄\e[38;2;35;81;0;48;2;23;57;0m▄\e[38;2;32;75;0;48;2;27;67;0m▄\e[38;2;40;89;0;48;2;72;132;0m▄\e[38;2;23;59;0;48;2;29;68;0m▄\e[38;2;57;114;0;48;2;20;53;0m▄\e[38;2;27;66;0;48;2;38;86;0m▄\e[38;2;25;63;0;48;2;75;136;0m▄\e[38;2;42;93;0;48;2;23;59;0m▄\e[38;2;28;67;0;48;2;33;75;0m▄\e[38;2;42;91;0;48;2;33;77;0m▄\e[38;2;50;105;0;48;2;76;137;0m▄\e[38;2;29;69;0;48;2;20;53;0m▄\e[38;2;45;96;0;48;2;42;92;0m▄\e[38;2;27;65;0;48;2;46;98;0m▄\e[38;2;38;87;0;48;2;20;53;0m▄\e[38;2;75;135;0;48;2;44;95;0m▄\e[38;2;25;62;0;48;2;46;96;0m▄\e[38;2;50;104;0;48;2;36;84;0m▄\e[38;2;41;92;0;48;2;23;58;0m▄\e[38;2;26;65;0;48;2;21;55;0m▄\e[38;2;48;101;0;48;2;34;79;0m▄\e[38;2;42;93;0;48;2;53;104;0m▄\e[38;2;24;61;0;48;2;37;82;0m▄\e[38;2;41;90;0;48;2;20;52;0m▄\e[38;2;50;100;0;48;2;37;83;0m▄\e[38;2;45;96;0;48;2;39;88;0m▄\e[38;2;32;75;0;48;2;42;92;0m▄\e[38;2;24;61;0;48;2;21;54;0m▄\e[38;2;39;87;0;48;2;31;71;0m▄\e[38;2;27;66;0;48;2;46;99;0m▄\e[38;2;27;66;0;48;2;21;54;0m▄\e[38;2;32;74;0;48;2;38;86;0m▄\e[38;2;37;84;0;48;2;54;110;0m▄\e[38;2;46;97;0;48;2;47;100;0m▄\e[38;2;24;60;0;48;2;30;71;0m▄\e[38;2;29;69;0;48;2;26;63;0m▄\e[38;2;49;101;0;48;2;27;66;0m▄\e[38;2;37;84;0;48;2;28;66;0m▄\e[38;2;31;74;0;48;2;33;77;0m▄\e[38;2;31;73;0;48;2;28;67;0m▄\e[49m  \e[m
\e[49m  \e[38;2;18;47;0;48;2;29;70;0m▄\e[38;2;34;79;0;48;2;20;52;0m▄\e[38;2;19;50;0;48;2;25;61;0m▄\e[38;2;17;45;0;48;2;17;47;0m▄\e[38;2;25;63;0;48;2;17;47;0m▄\e[38;2;16;43;0;48;2;22;57;0m▄\e[38;2;34;79;0;48;2;27;67;0m▄\e[38;2;30;73;0;48;2;17;47;0m▄\e[38;2;20;53;0;48;2;19;50;0m▄\e[38;2;30;72;0;48;2;33;78;0m▄\e[48;2;37;84;0m \e[38;2;36;82;0;48;2;60;118;0m▄\e[38;2;21;54;0;48;2;17;46;0m▄\e[38;2;27;62;0;48;2;29;70;0m▄\e[38;2;28;67;0;48;2;18;49;0m▄\e[38;2;16;44;0;48;2;28;69;0m▄\e[38;2;30;71;0;48;2;40;89;0m▄\e[38;2;18;49;0;48;2;17;46;0m▄\e[38;2;31;73;0;48;2;26;64;0m▄\e[38;2;41;90;0;48;2;58;113;0m▄\e[38;2;31;74;0;48;2;29;68;0m▄\e[38;2;22;56;0;48;2;17;47;0m▄\e[38;2;29;70;0;48;2;19;50;0m▄\e[38;2;17;48;0;48;2;18;48;0m▄\e[38;2;25;61;0;48;2;33;77;0m▄\e[38;2;20;51;0;48;2;30;73;0m▄\e[38;2;23;59;0;48;2;49;104;0m▄\e[38;2;18;48;0;48;2;24;61;0m▄\e[38;2;21;53;0;48;2;40;88;0m▄\e[38;2;33;78;0;48;2;36;81;0m▄\e[38;2;26;63;0;48;2;35;81;0m▄\e[38;2;18;48;0;48;2;23;57;0m▄\e[48;2;18;49;0m \e[38;2;16;43;0;48;2;38;85;0m▄\e[38;2;19;50;0;48;2;17;46;0m▄\e[38;2;38;85;0;48;2;37;85;0m▄\e[38;2;27;66;0;48;2;18;49;0m▄\e[38;2;39;86;0;48;2;30;71;0m▄\e[38;2;47;101;0;48;2;21;55;0m▄\e[38;2;47;99;0;48;2;26;65;2m▄\e[38;2;23;59;0;48;2;29;69;0m▄\e[38;2;28;66;0;48;2;17;46;0m▄\e[38;2;16;43;0;48;2;34;79;0m▄\e[38;2;16;43;0;48;2;19;50;0m▄\e[49m  \e[m
\e[49m  \e[38;2;24;60;0;48;2;15;42;0m▄\e[38;2;47;100;0;48;2;23;58;0m▄\e[38;2;49;101;0;48;2;21;52;0m▄\e[38;2;37;82;0;48;2;38;80;0m▄\e[38;2;42;90;0;48;2;26;64;0m▄\e[38;2;16;43;0;48;2;44;93;0m▄\e[38;2;32;75;0;48;2;51;104;0m▄\e[38;2;32;74;0;48;2;16;43;0m▄\e[38;2;13;38;0;48;2;21;53;0m▄\e[38;2;13;38;0;48;2;15;41;0m▄\e[38;2;35;79;0;48;2;21;54;0m▄\e[38;2;40;88;0;48;2;27;64;0m▄\e[38;2;32;76;0;48;2;27;65;0m▄\e[38;2;37;82;0;48;2;37;83;0m▄\e[38;2;26;64;0;48;2;27;64;0m▄\e[38;2;21;53;0;48;2;30;72;0m▄\e[38;2;16;44;0;48;2;41;86;0m▄\e[38;2;42;91;0;48;2;31;72;0m▄\e[38;2;13;37;0;48;2;32;76;0m▄\e[38;2;38;86;0;48;2;46;98;0m▄\e[38;2;16;43;0;48;2;27;66;0m▄\e[38;2;25;62;0;48;2;15;41;0m▄\e[38;2;52;108;0;48;2;43;94;0m▄\e[38;2;15;42;0;48;2;36;83;0m▄\e[38;2;26;65;0;48;2;23;59;0m▄\e[38;2;16;43;0;48;2;29;70;0m▄\e[38;2;42;91;0;48;2;31;74;0m▄\e[38;2;13;37;0;48;2;22;56;0m▄▄\e[38;2;26;64;0;48;2;67;124;0m▄\e[38;2;22;58;0;48;2;25;62;0m▄\e[38;2;47;100;0;48;2;21;54;0m▄\e[38;2;22;57;0;48;2;24;60;0m▄\e[38;2;29;69;0;48;2;49;102;0m▄\e[38;2;19;49;0;48;2;37;84;0m▄\e[38;2;39;88;0;48;2;18;49;0m▄\e[38;2;56;110;0;48;2;28;68;0m▄\e[38;2;32;75;0;48;2;28;68;0m▄\e[38;2;13;37;0;48;2;15;40;0m▄\e[38;2;23;58;0;48;2;40;89;0m▄\e[48;2;20;51;0m \e[38;2;22;56;0;48;2;18;48;0m▄\e[38;2;42;91;0;48;2;22;57;0m▄\e[38;2;28;68;0;48;2;60;117;0m▄\e[49m  \e[m
\e[49m  \e[38;2;19;50;0;48;2;22;56;0m▄\e[38;2;12;36;0;48;2;16;42;0m▄\e[38;2;29;69;0;48;2;12;33;0m▄\e[38;2;24;60;0;48;2;12;33;0m▄\e[38;2;10;30;0;48;2;20;51;0m▄\e[38;2;20;50;0;48;2;28;67;0m▄\e[38;2;39;86;0;48;2;32;75;0m▄\e[38;2;38;85;0;48;2;14;39;0m▄\e[38;2;21;54;0;48;2;60;117;0m▄\e[38;2;15;40;0;48;2;23;58;0m▄\e[38;2;12;33;0;48;2;24;62;0m▄\e[38;2;25;62;0;48;2;17;45;0m▄\e[38;2;19;49;0;48;2;23;56;0m▄\e[38;2;24;59;0;48;2;22;58;0m▄\e[38;2;30;69;0;48;2;19;49;0m▄\e[38;2;17;46;0;48;2;27;67;0m▄\e[38;2;20;51;0;48;2;30;70;0m▄\e[38;2;36;79;0;48;2;25;59;0m▄\e[38;2;10;30;0;48;2;31;72;0m▄\e[38;2;59;114;0;48;2;38;85;0m▄\e[38;2;11;33;0;48;2;28;68;0m▄\e[38;2;16;43;0;48;2;19;49;0m▄\e[38;2;52;104;0;48;2;29;70;0m▄\e[38;2;26;65;0;48;2;33;77;0m▄\e[38;2;17;45;0;48;2;28;67;0m▄\e[38;2;22;55;0;48;2;27;65;0m▄\e[38;2;26;61;0;48;2;34;77;0m▄\e[38;2;10;30;0;48;2;26;64;0m▄\e[38;2;24;59;0;48;2;16;42;0m▄\e[38;2;29;67;0;48;2;31;70;0m▄\e[38;2;37;82;0;48;2;29;71;0m▄\e[38;2;29;70;0;48;2;20;53;0m▄\e[38;2;27;66;0;48;2;16;41;0m▄\e[38;2;19;50;0;48;2;12;33;0m▄\e[38;2;34;79;0;48;2;16;43;0m▄\e[38;2;10;31;0;48;2;22;54;0m▄\e[38;2;10;30;0;48;2;18;48;0m▄\e[38;2;50;101;0;48;2;54;108;0m▄\e[38;2;14;39;0;48;2;12;35;0m▄\e[38;2;34;73;0;48;2;27;65;0m▄\e[38;2;36;79;0;48;2;16;42;0m▄\e[38;2;14;38;0;48;2;12;33;0m▄\e[38;2;10;30;0;48;2;17;46;0m▄\e[38;2;29;71;0;48;2;26;63;0m▄\e[49m  \e[m
\e[49m  \e[38;2;32;76;0;48;2;16;44;0m▄\e[38;2;27;65;0;48;2;47;98;0m▄\e[38;2;28;67;0;48;2;22;51;0m▄\e[38;2;26;64;0;48;2;20;49;0m▄\e[38;2;33;77;0;48;2;15;40;0m▄\e[38;2;43;93;0;48;2;25;62;0m▄\e[38;2;41;91;0;48;2;35;80;0m▄\e[38;2;41;88;0;48;2;19;49;0m▄\e[38;2;41;90;0;48;2;33;76;0m▄\e[38;2;46;97;0;48;2;36;82;0m▄\e[38;2;38;85;0;48;2;34;72;0m▄\e[38;2;55;111;0;48;2;14;38;0m▄\e[38;2;41;89;0;48;2;12;35;0m▄\e[38;2;49;103;0;48;2;14;39;0m▄\e[38;2;29;69;0;48;2;36;78;0m▄\e[38;2;24;60;0;48;2;34;78;0m▄\e[38;2;58;114;0;48;2;31;70;0m▄\e[38;2;27;66;0;48;2;21;54;0m▄\e[38;2;36;82;0;48;2;32;73;0m▄\e[38;2;75;135;0;48;2;53;109;0m▄\e[38;2;23;58;0;48;2;9;27;0m▄\e[38;2;25;63;0;48;2;38;86;0m▄\e[38;2;23;59;0;48;2;9;28;0m▄\e[38;2;45;97;0;48;2;21;55;0m▄\e[38;2;31;74;0;48;2;25;62;0m▄\e[38;2;45;95;0;48;2;19;49;0m▄\e[38;2;23;58;0;48;2;21;53;0m▄\e[38;2;33;77;0;48;2;9;27;0m▄\e[38;2;29;70;0;48;2;20;52;0m▄\e[38;2;47;99;0;48;2;36;83;0m▄\e[38;2;66;122;0;48;2;19;49;0m▄\e[38;2;25;62;0;48;2;24;61;0m▄\e[38;2;52;106;0;48;2;32;75;0m▄\e[38;2;23;59;0;48;2;14;39;0m▄\e[38;2;46;98;0;48;2;20;52;0m▄\e[38;2;23;59;0;48;2;20;50;0m▄\e[38;2;28;68;0;48;2;14;39;0m▄\e[38;2;49;102;0;48;2;22;57;0m▄\e[38;2;31;73;0;48;2;12;34;0m▄\e[38;2;36;81;0;48;2;17;45;0m▄\e[38;2;39;85;0;48;2;37;78;0m▄\e[38;2;42;92;0;48;2;14;38;0m▄\e[38;2;41;89;0;48;2;30;71;0m▄\e[38;2;27;65;0;48;2;35;81;0m▄\e[49m  \e[m
\e[49m  \e[38;2;16;43;0;48;2;10;29;0m▄\e[38;2;11;31;0;48;2;18;47;0m▄\e[38;2;11;31;0;48;2;17;44;0m▄\e[38;2;8;26;0;48;2;11;32;0m▄\e[38;2;13;36;0;48;2;24;57;0m▄\e[38;2;7;23;0;48;2;24;59;0m▄\e[38;2;42;90;0;48;2;42;92;0m▄\e[38;2;7;21;0;48;2;10;28;0m▄\e[38;2;20;52;0;48;2;25;62;0m▄\e[38;2;27;65;0;48;2;8;24;0m▄\e[38;2;9;26;0;48;2;10;28;0m▄\e[38;2;27;64;0;48;2;40;88;0m▄\e[48;2;8;24;0m \e[38;2;30;72;0;48;2;10;29;0m▄\e[38;2;26;64;0;48;2;12;34;0m▄\e[38;2;9;28;0;48;2;13;35;0m▄\e[38;2;11;32;0;48;2;12;33;0m▄\e[38;2;10;30;0;48;2;26;60;0m▄\e[38;2;22;54;0;48;2;8;24;0m▄\e[38;2;60;117;0;48;2;40;89;0m▄\e[38;2;13;35;0;48;2;10;30;0m▄\e[38;2;7;23;0;48;2;16;42;0m▄\e[38;2;9;27;0;48;2;8;25;0m▄\e[38;2;31;72;0;48;2;20;51;0m▄\e[38;2;16;43;0;48;2;11;31;0m▄\e[38;2;15;40;0;48;2;34;76;0m▄\e[38;2;8;26;0;48;2;21;52;0m▄\e[38;2;15;40;0;48;2;14;38;0m▄\e[38;2;7;24;0;48;2;23;56;0m▄\e[38;2;51;102;0;48;2;21;55;0m▄\e[38;2;15;40;0;48;2;19;49;0m▄\e[38;2;20;49;0;48;2;10;28;0m▄\e[38;2;25;62;0;48;2;41;86;0m▄\e[38;2;25;61;0;48;2;15;40;0m▄\e[38;2;24;60;0;48;2;42;93;0m▄\e[38;2;25;60;0;48;2;14;39;0m▄\e[38;2;13;37;0;48;2;15;40;0m▄\e[38;2;30;71;0;48;2;50;103;0m▄\e[38;2;20;52;0;48;2;20;49;0m▄\e[38;2;39;86;0;48;2;25;62;0m▄\e[38;2;34;78;0;48;2;8;24;0m▄\e[38;2;35;76;0;48;2;15;40;0m▄\e[38;2;30;70;0;48;2;24;60;0m▄\e[38;2;50;97;0;48;2;8;23;0m▄\e[49m  \e[m
\e[49m                                                \e[m
";
